[[1.76761732e-05 9.99982357e-01]
 [7.72150088e-06 9.99992251e-01]
 [7.60108833e-06 9.99992371e-01]
 [1.20013583e-05 9.99987960e-01]
 [7.39175186e-04 9.99260843e-01]
 [4.64807781e-05 9.99953508e-01]
 [1.05795843e-04 9.99894142e-01]
 [3.19646380e-04 9.99680400e-01]
 [9.13658914e-06 9.99990821e-01]
 [2.70168588e-04 9.99729812e-01]
 [2.16030446e-03 9.97839689e-01]
 [8.85425601e-04 9.99114573e-01]
 [3.13201337e-03 9.96867955e-01]
 [9.96201488e-05 9.99900341e-01]
 [8.20078538e-04 9.99179900e-01]
 [6.39593229e-04 9.99360383e-01]
 [9.33007710e-03 9.90669966e-01]
 [8.16741705e-01 1.83258250e-01]
 [2.14793690e-04 9.99785244e-01]
 [7.81936586e-01 2.18063354e-01]
 [1.14714945e-04 9.99885321e-01]
 [1.82179257e-01 8.17820728e-01]
 [6.56671217e-03 9.93433237e-01]
 [2.29697954e-03 9.97703016e-01]
 [1.21364392e-01 8.78635585e-01]
 [4.00780526e-04 9.99599278e-01]
 [1.50708330e-03 9.98492956e-01]
 [3.38095017e-02 9.66190517e-01]
 [2.32480407e-01 7.67519534e-01]
 [7.38987187e-03 9.92610157e-01]
 [8.62679910e-03 9.91373122e-01]
 [4.28484147e-03 9.95715082e-01]
 [9.01646039e-04 9.99098420e-01]
 [2.93179095e-04 9.99706805e-01]
 [4.16796305e-04 9.99583185e-01]
 [7.66179562e-02 9.23382044e-01]
 [2.64161844e-02 9.73583758e-01]
 [4.13810462e-03 9.95861888e-01]
 [2.14141719e-02 9.78585839e-01]
 [1.78122625e-01 8.21877360e-01]
 [1.58851162e-01 8.41148794e-01]
 [1.64013393e-02 9.83598590e-01]
 [2.26107324e-04 9.99773920e-01]
 [6.38881862e-01 3.61118168e-01]
 [2.63342053e-01 7.36657917e-01]
 [3.22888652e-03 9.96771038e-01]
 [1.00000000e+00 1.75647745e-08]
 [1.00000000e+00 2.35765540e-08]
 [1.00000000e+00 5.12498621e-09]
 [1.00000000e+00 1.74555286e-08]
 [1.00000000e+00 1.43570213e-08]
 [1.00000000e+00 2.61777782e-08]
 [1.00000000e+00 3.78495990e-08]
 [1.00000000e+00 1.31337456e-08]
 [1.00000000e+00 1.67603282e-08]
 [1.00000000e+00 2.94987124e-09]
 [9.99999881e-01 6.55996217e-08]
 [1.00000000e+00 1.81012325e-08]
 [1.00000000e+00 4.31112319e-08]
 [1.50408074e-02 9.84959185e-01]
 [1.00000000e+00 1.13890746e-08]
 [1.00000000e+00 5.22671506e-09]
 [1.00000000e+00 8.14872525e-09]
 [1.00000000e+00 7.23674098e-09]
 [1.00000000e+00 1.12580356e-09]
 [1.00000000e+00 1.43798973e-09]
 [1.00000000e+00 1.03174458e-09]
 [1.00000000e+00 8.35180458e-09]
 [1.00000000e+00 7.46134887e-09]
 [9.99999881e-01 7.27202760e-08]
 [1.00000000e+00 2.37833447e-10]
 [1.00000000e+00 3.77343179e-09]
 [1.00000000e+00 1.88169458e-09]
 [1.00000000e+00 1.00284903e-09]
 [1.00000000e+00 3.10805959e-08]
 [1.00000000e+00 1.22961250e-08]
 [1.00000000e+00 4.39532011e-09]
 [1.00000000e+00 5.04803088e-10]
 [1.00000000e+00 6.59018007e-10]
 [1.34797057e-03 9.98652041e-01]
 [1.00000000e+00 8.87246010e-09]
 [1.00000000e+00 3.56095819e-10]
 [2.31498084e-03 9.97684956e-01]
 [1.00000000e+00 1.00711643e-08]
 [1.00000000e+00 8.27591240e-09]
 [1.00000000e+00 8.54666737e-09]
 [1.00000000e+00 5.99708949e-09]
 [1.00000000e+00 5.67697711e-09]
 [1.00000000e+00 1.96840375e-08]
 [1.00000000e+00 3.04269027e-10]
 [1.00000000e+00 4.26262865e-08]
 [1.00000000e+00 5.91413274e-09]
 [1.00000000e+00 2.33399078e-08]
 [1.00000000e+00 3.08103267e-08]
 [1.00000000e+00 2.81456831e-08]
 [1.00000000e+00 8.04697198e-09]
 [1.00000000e+00 1.11194769e-08]
 [9.99999762e-01 1.98233337e-07]
 [2.81899780e-01 7.18100190e-01]
 [1.00000000e+00 5.02073654e-08]
 [1.00000000e+00 3.84199694e-09]
 [1.00000000e+00 8.38908409e-09]
 [1.63835194e-02 9.83616471e-01]
 [1.00000000e+00 3.21124922e-08]
 [1.00000000e+00 4.10349532e-10]
 [1.00000000e+00 1.15219185e-08]
 [1.00000000e+00 2.35864928e-08]
 [9.99999881e-01 6.58445671e-08]
 [1.00000000e+00 4.65405314e-08]
 [1.00000000e+00 1.07269171e-08]
 [1.00000000e+00 3.48097928e-09]
 [1.00000000e+00 2.41866593e-09]
 [8.82845581e-01 1.17154449e-01]
 [8.95865798e-01 1.04134127e-01]
 [1.73236802e-01 8.26763213e-01]
 [2.83887803e-05 9.99971628e-01]
 [9.99991894e-01 8.12161852e-06]
 [9.99991894e-01 8.12161852e-06]
 [1.00000000e+00 1.96721022e-08]
 [1.00000000e+00 1.35708058e-08]
 [9.99991894e-01 8.12161852e-06]
 [1.00000000e+00 2.96588643e-10]
 [9.99991894e-01 8.12161852e-06]
 [9.99991894e-01 8.12161852e-06]
 [9.99991894e-01 8.12161852e-06]
 [1.00000000e+00 1.17549179e-10]
 [9.99991894e-01 8.12161852e-06]
 [1.00000000e+00 6.81084564e-11]
 [9.99991894e-01 8.12161852e-06]
 [1.00000000e+00 1.06822240e-08]
 [9.99991894e-01 8.12161852e-06]
 [1.00000000e+00 1.09518057e-08]
 [9.99991894e-01 8.12161852e-06]
 [1.00000000e+00 4.60779852e-11]
 [1.00000000e+00 6.52082655e-09]
 [9.99991894e-01 8.12161852e-06]
 [9.99991894e-01 8.12161852e-06]
 [9.99991894e-01 8.12161852e-06]
 [9.99991894e-01 8.12161852e-06]
 [9.99991894e-01 8.12161852e-06]
 [9.99991894e-01 8.12161852e-06]
 [1.00000000e+00 7.65863650e-10]
 [9.99991894e-01 8.12161852e-06]
 [1.00000000e+00 5.51714008e-10]
 [1.00000000e+00 5.52115853e-11]
 [9.99991894e-01 8.12161852e-06]
 [9.99991894e-01 8.12161852e-06]
 [1.00000000e+00 1.56536633e-08]
 [9.99991894e-01 8.12161852e-06]
 [1.00000000e+00 5.14605514e-09]
 [9.99991894e-01 8.12161852e-06]
 [9.99991894e-01 8.12161852e-06]
 [9.99991894e-01 8.12161852e-06]
 [9.99991894e-01 8.12161852e-06]
 [9.99991894e-01 8.12161852e-06]
 [9.99991894e-01 8.12161852e-06]
 [1.00000000e+00 5.64791894e-11]
 [1.00000000e+00 2.51941366e-08]
 [9.99991894e-01 8.12161852e-06]
 [9.99991894e-01 8.12161852e-06]
 [9.99991894e-01 8.12161852e-06]
 [9.99991894e-01 8.12161852e-06]
 [9.99991894e-01 8.12161852e-06]
 [1.00000000e+00 2.82027762e-10]
 [9.99991894e-01 8.12161852e-06]
 [9.99991894e-01 8.12161852e-06]
 [1.00000000e+00 3.76805431e-08]
 [1.00000000e+00 3.88302793e-11]
 [9.99991894e-01 8.12161852e-06]
 [9.99991894e-01 8.12161852e-06]
 [9.99991894e-01 8.12161852e-06]
 [9.99991894e-01 8.12161852e-06]
 [1.00000000e+00 3.42921178e-11]
 [9.99991894e-01 8.12161852e-06]
 [1.00000000e+00 1.63435113e-10]
 [9.99991894e-01 8.12161852e-06]
 [9.99991894e-01 8.12161852e-06]
 [8.72695029e-01 1.27305016e-01]
 [9.99991894e-01 8.12161852e-06]
 [1.00000000e+00 3.26791372e-09]
 [9.99991894e-01 8.12161852e-06]
 [1.00000000e+00 1.83887749e-08]
 [9.99991894e-01 8.12161852e-06]
 [9.99991894e-01 8.12161852e-06]
 [1.00000000e+00 8.43006642e-09]
 [9.99991894e-01 8.12161852e-06]
 [1.00000000e+00 3.90983068e-09]
 [9.99991894e-01 8.12161852e-06]
 [1.00000000e+00 2.48615120e-08]
 [1.00000000e+00 2.65595048e-08]
 [1.00000000e+00 2.79200982e-08]
 [9.99991894e-01 8.12161852e-06]
 [9.99991894e-01 8.12161852e-06]
 [1.00000000e+00 1.26089061e-09]
 [9.99991894e-01 8.12161852e-06]
 [9.99991894e-01 8.12161852e-06]
 [1.00000000e+00 9.10728915e-09]
 [9.99991894e-01 8.12161852e-06]
 [1.00000000e+00 2.58850381e-08]
 [9.99991894e-01 8.12161852e-06]
 [9.99991894e-01 8.12161852e-06]
 [1.00000000e+00 3.85069967e-08]
 [1.00000000e+00 3.59565844e-09]
 [9.99991894e-01 8.12161852e-06]
 [1.00000000e+00 4.59763889e-08]
 [1.00000000e+00 2.69162328e-08]
 [1.00000000e+00 3.61566634e-08]
 [1.00000000e+00 1.03438147e-08]
 [1.00000000e+00 2.69421196e-08]
 [7.73658138e-03 9.92263436e-01]
 [9.99991894e-01 8.12161852e-06]
 [1.00000000e+00 3.10634682e-08]
 [9.99991894e-01 8.12161852e-06]
 [1.00000000e+00 9.77585835e-09]
 [9.99991894e-01 8.12161852e-06]
 [1.00000000e+00 3.67561093e-08]
 [9.99991894e-01 8.12161852e-06]
 [1.00000000e+00 1.65594738e-08]
 [1.00000000e+00 5.59533131e-09]
 [9.99999881e-01 1.07981528e-07]
 [1.00000000e+00 3.78567977e-09]
 [1.00000000e+00 7.30583549e-09]
 [1.00000000e+00 8.52898932e-11]
 [1.00000000e+00 7.14911641e-09]
 [9.99991894e-01 8.12161852e-06]
 [1.00000000e+00 1.41339775e-08]
 [1.00000000e+00 1.07193499e-08]
 [1.00000000e+00 4.28903633e-08]
 [1.00000000e+00 2.93853475e-08]
 [1.00000000e+00 1.15731051e-08]
 [9.99999881e-01 1.53349944e-07]
 [1.00000000e+00 1.32788340e-08]
 [1.00000000e+00 9.80601911e-09]
 [1.00000000e+00 1.18060699e-08]
 [1.00000000e+00 1.32788340e-08]
 [1.00000000e+00 9.78905046e-09]
 [1.00000000e+00 1.71989427e-08]
 [9.99999881e-01 8.03479807e-08]
 [1.00000000e+00 3.14125543e-08]
 [1.00000000e+00 2.12734541e-08]
 [1.00000000e+00 2.03395789e-08]
 [1.00000000e+00 7.45328421e-09]
 [1.00000000e+00 1.32788340e-08]
 [1.00000000e+00 5.01438890e-09]
 [1.00000000e+00 4.27541273e-08]
 [1.00000000e+00 1.32788340e-08]
 [9.99999881e-01 6.26685903e-08]
 [1.00000000e+00 2.66789186e-08]
 [1.00000000e+00 1.42439358e-08]
 [1.00000000e+00 1.17032295e-08]
 [1.00000000e+00 2.77768972e-08]
 [1.00000000e+00 1.97307983e-08]
 [1.00000000e+00 2.53883474e-08]
 [1.00000000e+00 3.78140763e-09]
 [3.45024049e-01 6.54975891e-01]
 [1.00000000e+00 1.32788340e-08]
 [1.00000000e+00 5.64071145e-09]
 [1.00000000e+00 1.32788340e-08]
 [1.00000000e+00 1.32788340e-08]
 [1.00000000e+00 6.58339216e-11]
 [1.00000000e+00 3.17994769e-10]
 [1.00000000e+00 1.32788340e-08]
 [1.21229067e-01 8.78770888e-01]
 [9.99999762e-01 1.91231308e-07]
 [1.00000000e+00 1.32788340e-08]
 [1.00000000e+00 9.29816935e-09]
 [1.00000000e+00 3.98779676e-09]
 [9.99999881e-01 8.01382996e-08]
 [1.00000000e+00 6.55250021e-11]
 [9.99999881e-01 6.49031691e-08]
 [1.00000000e+00 6.55055743e-09]
 [9.07968879e-01 9.20311287e-02]
 [1.00000000e+00 3.56664458e-08]
 [1.00000000e+00 2.14989040e-08]
 [1.00000000e+00 1.41641965e-09]
 [1.00000000e+00 6.73523737e-10]
 [1.00000000e+00 3.95005273e-09]
 [9.44963038e-01 5.50369360e-02]
 [1.00000000e+00 8.29115887e-09]
 [1.00000000e+00 1.32788340e-08]
 [1.00000000e+00 1.26202213e-08]
 [1.00000000e+00 3.86900183e-08]
 [1.00000000e+00 5.24780539e-08]
 [1.00000000e+00 1.32788340e-08]
 [9.99999881e-01 1.06703965e-07]
 [1.00000000e+00 1.12913732e-08]
 [1.00000000e+00 1.32788340e-08]
 [1.00000000e+00 1.03011892e-08]
 [1.00000000e+00 2.20490701e-08]
 [1.00000000e+00 4.78088591e-09]
 [1.00000000e+00 1.64104375e-08]
 [1.00000000e+00 4.38226166e-09]
 [1.00000000e+00 4.53776963e-08]
 [1.00000000e+00 6.02494943e-09]
 [1.00000000e+00 4.47956836e-08]
 [1.00000000e+00 1.50963615e-08]
 [9.99999881e-01 7.20428304e-08]
 [1.00000000e+00 1.22423014e-08]
 [1.00000000e+00 3.28726379e-08]
 [1.00000000e+00 3.63977826e-09]]


[[ 3.2334952e-03  4.1641213e-02 -4.7108207e-02 ... -3.7742481e-02
  -1.5957235e-01 -1.5870412e-01]
 [ 5.1879864e-03  4.3342482e-02 -3.6579601e-02 ...  2.7551040e-01
  -1.3848924e-02  1.5710754e-02]
 [-1.7377064e-03  4.4528157e-02 -4.6185754e-02 ...  2.9278544e-01
  -6.1158083e-02 -1.7660478e-01]
 ...
 [-6.2291283e-02 -7.1711540e-02 -7.9178847e-02 ... -1.2529879e+00
   5.5701125e-01 -2.3572242e+00]
 [-6.2650532e-02 -7.0819482e-02 -8.0921911e-02 ... -7.7205092e-01
   2.5238058e-01 -2.4901543e+00]
 [-5.9626240e-02 -2.2860879e-02 -9.1328286e-02 ... -1.5885557e+00
   3.3893833e-01 -2.0885267e+00]]


[[  0.      406.3546  272.26892 443.8968  351.09106]
 [  0.      612.5134  226.89963 649.09814 301.75754]
 [  0.      529.78107 259.80905 567.4379  336.2587 ]
 ...
 [  0.      892.933     0.      999.      201.23364]
 [  0.      912.1381    0.      999.      323.29028]
 [  0.       90.92559   0.      336.8133  214.2232 ]]
[[1.76761732e-05 9.99982357e-01]
 [7.72150088e-06 9.99992251e-01]
 [7.60108833e-06 9.99992371e-01]
 [1.20013583e-05 9.99987960e-01]
 [7.39175186e-04 9.99260843e-01]
 [4.64807781e-05 9.99953508e-01]
 [1.05795843e-04 9.99894142e-01]
 [3.19646380e-04 9.99680400e-01]
 [9.13658914e-06 9.99990821e-01]
 [2.70168588e-04 9.99729812e-01]
 [2.16030446e-03 9.97839689e-01]
 [8.85425601e-04 9.99114573e-01]
 [3.13201337e-03 9.96867955e-01]
 [9.96201488e-05 9.99900341e-01]
 [8.20078538e-04 9.99179900e-01]
 [6.39593229e-04 9.99360383e-01]
 [9.33007710e-03 9.90669966e-01]
 [8.16741705e-01 1.83258250e-01]
 [2.14793690e-04 9.99785244e-01]
 [7.81936586e-01 2.18063354e-01]
 [1.14714945e-04 9.99885321e-01]
 [1.82179257e-01 8.17820728e-01]
 [6.56671217e-03 9.93433237e-01]
 [2.29697954e-03 9.97703016e-01]
 [1.21364392e-01 8.78635585e-01]
 [4.00780526e-04 9.99599278e-01]
 [1.50708330e-03 9.98492956e-01]
 [3.38095017e-02 9.66190517e-01]
 [2.32480407e-01 7.67519534e-01]
 [7.38987187e-03 9.92610157e-01]
 [8.62679910e-03 9.91373122e-01]
 [4.28484147e-03 9.95715082e-01]
 [9.01646039e-04 9.99098420e-01]
 [2.93179095e-04 9.99706805e-01]
 [4.16796305e-04 9.99583185e-01]
 [7.66179562e-02 9.23382044e-01]
 [2.64161844e-02 9.73583758e-01]
 [4.13810462e-03 9.95861888e-01]
 [2.14141719e-02 9.78585839e-01]
 [1.78122625e-01 8.21877360e-01]
 [1.58851162e-01 8.41148794e-01]
 [1.64013393e-02 9.83598590e-01]
 [2.26107324e-04 9.99773920e-01]
 [6.38881862e-01 3.61118168e-01]
 [2.63342053e-01 7.36657917e-01]
 [3.22888652e-03 9.96771038e-01]
 [1.00000000e+00 1.75647745e-08]
 [1.00000000e+00 2.35765540e-08]
 [1.00000000e+00 5.12498621e-09]
 [1.00000000e+00 1.74555286e-08]
 [1.00000000e+00 1.43570213e-08]
 [1.00000000e+00 2.61777782e-08]
 [1.00000000e+00 3.78495990e-08]
 [1.00000000e+00 1.31337456e-08]
 [1.00000000e+00 1.67603282e-08]
 [1.00000000e+00 2.94987124e-09]
 [9.99999881e-01 6.55996217e-08]
 [1.00000000e+00 1.81012325e-08]
 [1.00000000e+00 4.31112319e-08]
 [1.50408074e-02 9.84959185e-01]
 [1.00000000e+00 1.13890746e-08]
 [1.00000000e+00 5.22671506e-09]
 [1.00000000e+00 8.14872525e-09]
 [1.00000000e+00 7.23674098e-09]
 [1.00000000e+00 1.12580356e-09]
 [1.00000000e+00 1.43798973e-09]
 [1.00000000e+00 1.03174458e-09]
 [1.00000000e+00 8.35180458e-09]
 [1.00000000e+00 7.46134887e-09]
 [9.99999881e-01 7.27202760e-08]
 [1.00000000e+00 2.37833447e-10]
 [1.00000000e+00 3.77343179e-09]
 [1.00000000e+00 1.88169458e-09]
 [1.00000000e+00 1.00284903e-09]
 [1.00000000e+00 3.10805959e-08]
 [1.00000000e+00 1.22961250e-08]
 [1.00000000e+00 4.39532011e-09]
 [1.00000000e+00 5.04803088e-10]
 [1.00000000e+00 6.59018007e-10]
 [1.34797057e-03 9.98652041e-01]
 [1.00000000e+00 8.87246010e-09]
 [1.00000000e+00 3.56095819e-10]
 [2.31498084e-03 9.97684956e-01]
 [1.00000000e+00 1.00711643e-08]
 [1.00000000e+00 8.27591240e-09]
 [1.00000000e+00 8.54666737e-09]
 [1.00000000e+00 5.99708949e-09]
 [1.00000000e+00 5.67697711e-09]
 [1.00000000e+00 1.96840375e-08]
 [1.00000000e+00 3.04269027e-10]
 [1.00000000e+00 4.26262865e-08]
 [1.00000000e+00 5.91413274e-09]
 [1.00000000e+00 2.33399078e-08]
 [1.00000000e+00 3.08103267e-08]
 [1.00000000e+00 2.81456831e-08]
 [1.00000000e+00 8.04697198e-09]
 [1.00000000e+00 1.11194769e-08]
 [9.99999762e-01 1.98233337e-07]
 [2.81899780e-01 7.18100190e-01]
 [1.00000000e+00 5.02073654e-08]
 [1.00000000e+00 3.84199694e-09]
 [1.00000000e+00 8.38908409e-09]
 [1.63835194e-02 9.83616471e-01]
 [1.00000000e+00 3.21124922e-08]
 [1.00000000e+00 4.10349532e-10]
 [1.00000000e+00 1.15219185e-08]
 [1.00000000e+00 2.35864928e-08]
 [9.99999881e-01 6.58445671e-08]
 [1.00000000e+00 4.65405314e-08]
 [1.00000000e+00 1.07269171e-08]
 [1.00000000e+00 3.48097928e-09]
 [1.00000000e+00 2.41866593e-09]
 [8.82845581e-01 1.17154449e-01]
 [8.95865798e-01 1.04134127e-01]
 [1.73236802e-01 8.26763213e-01]
 [2.83887803e-05 9.99971628e-01]
 [9.99991894e-01 8.12161852e-06]
 [9.99991894e-01 8.12161852e-06]
 [1.00000000e+00 1.96721022e-08]
 [1.00000000e+00 1.35708058e-08]
 [9.99991894e-01 8.12161852e-06]
 [1.00000000e+00 2.96588643e-10]
 [9.99991894e-01 8.12161852e-06]
 [9.99991894e-01 8.12161852e-06]
 [9.99991894e-01 8.12161852e-06]
 [1.00000000e+00 1.17549179e-10]
 [9.99991894e-01 8.12161852e-06]
 [1.00000000e+00 6.81084564e-11]
 [9.99991894e-01 8.12161852e-06]
 [1.00000000e+00 1.06822240e-08]
 [9.99991894e-01 8.12161852e-06]
 [1.00000000e+00 1.09518057e-08]
 [9.99991894e-01 8.12161852e-06]
 [1.00000000e+00 4.60779852e-11]
 [1.00000000e+00 6.52082655e-09]
 [9.99991894e-01 8.12161852e-06]
 [9.99991894e-01 8.12161852e-06]
 [9.99991894e-01 8.12161852e-06]
 [9.99991894e-01 8.12161852e-06]
 [9.99991894e-01 8.12161852e-06]
 [9.99991894e-01 8.12161852e-06]
 [1.00000000e+00 7.65863650e-10]
 [9.99991894e-01 8.12161852e-06]
 [1.00000000e+00 5.51714008e-10]
 [1.00000000e+00 5.52115853e-11]
 [9.99991894e-01 8.12161852e-06]
 [9.99991894e-01 8.12161852e-06]
 [1.00000000e+00 1.56536633e-08]
 [9.99991894e-01 8.12161852e-06]
 [1.00000000e+00 5.14605514e-09]
 [9.99991894e-01 8.12161852e-06]
 [9.99991894e-01 8.12161852e-06]
 [9.99991894e-01 8.12161852e-06]
 [9.99991894e-01 8.12161852e-06]
 [9.99991894e-01 8.12161852e-06]
 [9.99991894e-01 8.12161852e-06]
 [1.00000000e+00 5.64791894e-11]
 [1.00000000e+00 2.51941366e-08]
 [9.99991894e-01 8.12161852e-06]
 [9.99991894e-01 8.12161852e-06]
 [9.99991894e-01 8.12161852e-06]
 [9.99991894e-01 8.12161852e-06]
 [9.99991894e-01 8.12161852e-06]
 [1.00000000e+00 2.82027762e-10]
 [9.99991894e-01 8.12161852e-06]
 [9.99991894e-01 8.12161852e-06]
 [1.00000000e+00 3.76805431e-08]
 [1.00000000e+00 3.88302793e-11]
 [9.99991894e-01 8.12161852e-06]
 [9.99991894e-01 8.12161852e-06]
 [9.99991894e-01 8.12161852e-06]
 [9.99991894e-01 8.12161852e-06]
 [1.00000000e+00 3.42921178e-11]
 [9.99991894e-01 8.12161852e-06]
 [1.00000000e+00 1.63435113e-10]
 [9.99991894e-01 8.12161852e-06]
 [9.99991894e-01 8.12161852e-06]
 [8.72695029e-01 1.27305016e-01]
 [9.99991894e-01 8.12161852e-06]
 [1.00000000e+00 3.26791372e-09]
 [9.99991894e-01 8.12161852e-06]
 [1.00000000e+00 1.83887749e-08]
 [9.99991894e-01 8.12161852e-06]
 [9.99991894e-01 8.12161852e-06]
 [1.00000000e+00 8.43006642e-09]
 [9.99991894e-01 8.12161852e-06]
 [1.00000000e+00 3.90983068e-09]
 [9.99991894e-01 8.12161852e-06]
 [1.00000000e+00 2.48615120e-08]
 [1.00000000e+00 2.65595048e-08]
 [1.00000000e+00 2.79200982e-08]
 [9.99991894e-01 8.12161852e-06]
 [9.99991894e-01 8.12161852e-06]
 [1.00000000e+00 1.26089061e-09]
 [9.99991894e-01 8.12161852e-06]
 [9.99991894e-01 8.12161852e-06]
 [1.00000000e+00 9.10728915e-09]
 [9.99991894e-01 8.12161852e-06]
 [1.00000000e+00 2.58850381e-08]
 [9.99991894e-01 8.12161852e-06]
 [9.99991894e-01 8.12161852e-06]
 [1.00000000e+00 3.85069967e-08]
 [1.00000000e+00 3.59565844e-09]
 [9.99991894e-01 8.12161852e-06]
 [1.00000000e+00 4.59763889e-08]
 [1.00000000e+00 2.69162328e-08]
 [1.00000000e+00 3.61566634e-08]
 [1.00000000e+00 1.03438147e-08]
 [1.00000000e+00 2.69421196e-08]
 [7.73658138e-03 9.92263436e-01]
 [9.99991894e-01 8.12161852e-06]
 [1.00000000e+00 3.10634682e-08]
 [9.99991894e-01 8.12161852e-06]
 [1.00000000e+00 9.77585835e-09]
 [9.99991894e-01 8.12161852e-06]
 [1.00000000e+00 3.67561093e-08]
 [9.99991894e-01 8.12161852e-06]
 [1.00000000e+00 1.65594738e-08]
 [1.00000000e+00 5.59533131e-09]
 [9.99999881e-01 1.07981528e-07]
 [1.00000000e+00 3.78567977e-09]
 [1.00000000e+00 7.30583549e-09]
 [1.00000000e+00 8.52898932e-11]
 [1.00000000e+00 7.14911641e-09]
 [9.99991894e-01 8.12161852e-06]
 [1.00000000e+00 1.41339775e-08]
 [1.00000000e+00 1.07193499e-08]
 [1.00000000e+00 4.28903633e-08]
 [1.00000000e+00 2.93853475e-08]
 [1.00000000e+00 1.15731051e-08]
 [9.99999881e-01 1.53349944e-07]
 [1.00000000e+00 1.32788340e-08]
 [1.00000000e+00 9.80601911e-09]
 [1.00000000e+00 1.18060699e-08]
 [1.00000000e+00 1.32788340e-08]
 [1.00000000e+00 9.78905046e-09]
 [1.00000000e+00 1.71989427e-08]
 [9.99999881e-01 8.03479807e-08]
 [1.00000000e+00 3.14125543e-08]
 [1.00000000e+00 2.12734541e-08]
 [1.00000000e+00 2.03395789e-08]
 [1.00000000e+00 7.45328421e-09]
 [1.00000000e+00 1.32788340e-08]
 [1.00000000e+00 5.01438890e-09]
 [1.00000000e+00 4.27541273e-08]
 [1.00000000e+00 1.32788340e-08]
 [9.99999881e-01 6.26685903e-08]
 [1.00000000e+00 2.66789186e-08]
 [1.00000000e+00 1.42439358e-08]
 [1.00000000e+00 1.17032295e-08]
 [1.00000000e+00 2.77768972e-08]
 [1.00000000e+00 1.97307983e-08]
 [1.00000000e+00 2.53883474e-08]
 [1.00000000e+00 3.78140763e-09]
 [3.45024049e-01 6.54975891e-01]
 [1.00000000e+00 1.32788340e-08]
 [1.00000000e+00 5.64071145e-09]
 [1.00000000e+00 1.32788340e-08]
 [1.00000000e+00 1.32788340e-08]
 [1.00000000e+00 6.58339216e-11]
 [1.00000000e+00 3.17994769e-10]
 [1.00000000e+00 1.32788340e-08]
 [1.21229067e-01 8.78770888e-01]
 [9.99999762e-01 1.91231308e-07]
 [1.00000000e+00 1.32788340e-08]
 [1.00000000e+00 9.29816935e-09]
 [1.00000000e+00 3.98779676e-09]
 [9.99999881e-01 8.01382996e-08]
 [1.00000000e+00 6.55250021e-11]
 [9.99999881e-01 6.49031691e-08]
 [1.00000000e+00 6.55055743e-09]
 [9.07968879e-01 9.20311287e-02]
 [1.00000000e+00 3.56664458e-08]
 [1.00000000e+00 2.14989040e-08]
 [1.00000000e+00 1.41641965e-09]
 [1.00000000e+00 6.73523737e-10]
 [1.00000000e+00 3.95005273e-09]
 [9.44963038e-01 5.50369360e-02]
 [1.00000000e+00 8.29115887e-09]
 [1.00000000e+00 1.32788340e-08]
 [1.00000000e+00 1.26202213e-08]
 [1.00000000e+00 3.86900183e-08]
 [1.00000000e+00 5.24780539e-08]
 [1.00000000e+00 1.32788340e-08]
 [9.99999881e-01 1.06703965e-07]
 [1.00000000e+00 1.12913732e-08]
 [1.00000000e+00 1.32788340e-08]
 [1.00000000e+00 1.03011892e-08]
 [1.00000000e+00 2.20490701e-08]
 [1.00000000e+00 4.78088591e-09]
 [1.00000000e+00 1.64104375e-08]
 [1.00000000e+00 4.38226166e-09]
 [1.00000000e+00 4.53776963e-08]
 [1.00000000e+00 6.02494943e-09]
 [1.00000000e+00 4.47956836e-08]
 [1.00000000e+00 1.50963615e-08]
 [9.99999881e-01 7.20428304e-08]
 [1.00000000e+00 1.22423014e-08]
 [1.00000000e+00 3.28726379e-08]
 [1.00000000e+00 3.63977826e-09]]


[[ 3.2334952e-04  4.1641211e-03 -9.4216410e-03 ... -3.7742481e-03
  -3.1914469e-02 -3.1740822e-02]
 [ 5.1879865e-04  4.3342481e-03 -7.3159202e-03 ...  2.7551040e-02
  -2.7697848e-03  3.1421508e-03]
 [-1.7377063e-04  4.4528157e-03 -9.2371507e-03 ...  2.9278543e-02
  -1.2231616e-02 -3.5320956e-02]
 ...
 [-6.2291282e-03 -7.1711540e-03 -1.5835769e-02 ... -1.2529878e-01
   1.1140225e-01 -4.7144485e-01]
 [-6.2650531e-03 -7.0819482e-03 -1.6184382e-02 ... -7.7205092e-02
   5.0476115e-02 -4.9803084e-01]
 [-5.9626242e-03 -2.2860880e-03 -1.8265657e-02 ... -1.5885557e-01
   6.7787662e-02 -4.1770536e-01]]


[[  0.      406.3546  272.26892 443.8968  351.09106]
 [  0.      612.5134  226.89963 649.09814 301.75754]
 [  0.      529.78107 259.80905 567.4379  336.2587 ]
 ...
 [  0.      892.933     0.      999.      201.23364]
 [  0.      912.1381    0.      999.      323.29028]
 [  0.       90.92559   0.      336.8133  214.2232 ]]
[[1.76761732e-05 9.99982357e-01]
 [7.72150088e-06 9.99992251e-01]
 [7.60108833e-06 9.99992371e-01]
 [1.20013583e-05 9.99987960e-01]
 [7.39175186e-04 9.99260843e-01]
 [4.64807781e-05 9.99953508e-01]
 [1.05795843e-04 9.99894142e-01]
 [3.19646380e-04 9.99680400e-01]
 [9.13658914e-06 9.99990821e-01]
 [2.70168588e-04 9.99729812e-01]
 [2.16030446e-03 9.97839689e-01]
 [8.85425601e-04 9.99114573e-01]
 [3.13201337e-03 9.96867955e-01]
 [9.96201488e-05 9.99900341e-01]
 [8.20078538e-04 9.99179900e-01]
 [6.39593229e-04 9.99360383e-01]
 [9.33007710e-03 9.90669966e-01]
 [8.16741705e-01 1.83258250e-01]
 [2.14793690e-04 9.99785244e-01]
 [7.81936586e-01 2.18063354e-01]
 [1.14714945e-04 9.99885321e-01]
 [1.82179257e-01 8.17820728e-01]
 [6.56671217e-03 9.93433237e-01]
 [2.29697954e-03 9.97703016e-01]
 [1.21364392e-01 8.78635585e-01]
 [4.00780526e-04 9.99599278e-01]
 [1.50708330e-03 9.98492956e-01]
 [3.38095017e-02 9.66190517e-01]
 [2.32480407e-01 7.67519534e-01]
 [7.38987187e-03 9.92610157e-01]
 [8.62679910e-03 9.91373122e-01]
 [4.28484147e-03 9.95715082e-01]
 [9.01646039e-04 9.99098420e-01]
 [2.93179095e-04 9.99706805e-01]
 [4.16796305e-04 9.99583185e-01]
 [7.66179562e-02 9.23382044e-01]
 [2.64161844e-02 9.73583758e-01]
 [4.13810462e-03 9.95861888e-01]
 [2.14141719e-02 9.78585839e-01]
 [1.78122625e-01 8.21877360e-01]
 [1.58851162e-01 8.41148794e-01]
 [1.64013393e-02 9.83598590e-01]
 [2.26107324e-04 9.99773920e-01]
 [6.38881862e-01 3.61118168e-01]
 [2.63342053e-01 7.36657917e-01]
 [3.22888652e-03 9.96771038e-01]
 [1.00000000e+00 1.75647745e-08]
 [1.00000000e+00 2.35765540e-08]
 [1.00000000e+00 5.12498621e-09]
 [1.00000000e+00 1.74555286e-08]
 [1.00000000e+00 1.43570213e-08]
 [1.00000000e+00 2.61777782e-08]
 [1.00000000e+00 3.78495990e-08]
 [1.00000000e+00 1.31337456e-08]
 [1.00000000e+00 1.67603282e-08]
 [1.00000000e+00 2.94987124e-09]
 [9.99999881e-01 6.55996217e-08]
 [1.00000000e+00 1.81012325e-08]
 [1.00000000e+00 4.31112319e-08]
 [1.50408074e-02 9.84959185e-01]
 [1.00000000e+00 1.13890746e-08]
 [1.00000000e+00 5.22671506e-09]
 [1.00000000e+00 8.14872525e-09]
 [1.00000000e+00 7.23674098e-09]
 [1.00000000e+00 1.12580356e-09]
 [1.00000000e+00 1.43798973e-09]
 [1.00000000e+00 1.03174458e-09]
 [1.00000000e+00 8.35180458e-09]
 [1.00000000e+00 7.46134887e-09]
 [9.99999881e-01 7.27202760e-08]
 [1.00000000e+00 2.37833447e-10]
 [1.00000000e+00 3.77343179e-09]
 [1.00000000e+00 1.88169458e-09]
 [1.00000000e+00 1.00284903e-09]
 [1.00000000e+00 3.10805959e-08]
 [1.00000000e+00 1.22961250e-08]
 [1.00000000e+00 4.39532011e-09]
 [1.00000000e+00 5.04803088e-10]
 [1.00000000e+00 6.59018007e-10]
 [1.34797057e-03 9.98652041e-01]
 [1.00000000e+00 8.87246010e-09]
 [1.00000000e+00 3.56095819e-10]
 [2.31498084e-03 9.97684956e-01]
 [1.00000000e+00 1.00711643e-08]
 [1.00000000e+00 8.27591240e-09]
 [1.00000000e+00 8.54666737e-09]
 [1.00000000e+00 5.99708949e-09]
 [1.00000000e+00 5.67697711e-09]
 [1.00000000e+00 1.96840375e-08]
 [1.00000000e+00 3.04269027e-10]
 [1.00000000e+00 4.26262865e-08]
 [1.00000000e+00 5.91413274e-09]
 [1.00000000e+00 2.33399078e-08]
 [1.00000000e+00 3.08103267e-08]
 [1.00000000e+00 2.81456831e-08]
 [1.00000000e+00 8.04697198e-09]
 [1.00000000e+00 1.11194769e-08]
 [9.99999762e-01 1.98233337e-07]
 [2.81899780e-01 7.18100190e-01]
 [1.00000000e+00 5.02073654e-08]
 [1.00000000e+00 3.84199694e-09]
 [1.00000000e+00 8.38908409e-09]
 [1.63835194e-02 9.83616471e-01]
 [1.00000000e+00 3.21124922e-08]
 [1.00000000e+00 4.10349532e-10]
 [1.00000000e+00 1.15219185e-08]
 [1.00000000e+00 2.35864928e-08]
 [9.99999881e-01 6.58445671e-08]
 [1.00000000e+00 4.65405314e-08]
 [1.00000000e+00 1.07269171e-08]
 [1.00000000e+00 3.48097928e-09]
 [1.00000000e+00 2.41866593e-09]
 [8.82845581e-01 1.17154449e-01]
 [8.95865798e-01 1.04134127e-01]
 [1.73236802e-01 8.26763213e-01]
 [2.83887803e-05 9.99971628e-01]
 [9.99991894e-01 8.12161852e-06]
 [9.99991894e-01 8.12161852e-06]
 [1.00000000e+00 1.96721022e-08]
 [1.00000000e+00 1.35708058e-08]
 [9.99991894e-01 8.12161852e-06]
 [1.00000000e+00 2.96588643e-10]
 [9.99991894e-01 8.12161852e-06]
 [9.99991894e-01 8.12161852e-06]
 [9.99991894e-01 8.12161852e-06]
 [1.00000000e+00 1.17549179e-10]
 [9.99991894e-01 8.12161852e-06]
 [1.00000000e+00 6.81084564e-11]
 [9.99991894e-01 8.12161852e-06]
 [1.00000000e+00 1.06822240e-08]
 [9.99991894e-01 8.12161852e-06]
 [1.00000000e+00 1.09518057e-08]
 [9.99991894e-01 8.12161852e-06]
 [1.00000000e+00 4.60779852e-11]
 [1.00000000e+00 6.52082655e-09]
 [9.99991894e-01 8.12161852e-06]
 [9.99991894e-01 8.12161852e-06]
 [9.99991894e-01 8.12161852e-06]
 [9.99991894e-01 8.12161852e-06]
 [9.99991894e-01 8.12161852e-06]
 [9.99991894e-01 8.12161852e-06]
 [1.00000000e+00 7.65863650e-10]
 [9.99991894e-01 8.12161852e-06]
 [1.00000000e+00 5.51714008e-10]
 [1.00000000e+00 5.52115853e-11]
 [9.99991894e-01 8.12161852e-06]
 [9.99991894e-01 8.12161852e-06]
 [1.00000000e+00 1.56536633e-08]
 [9.99991894e-01 8.12161852e-06]
 [1.00000000e+00 5.14605514e-09]
 [9.99991894e-01 8.12161852e-06]
 [9.99991894e-01 8.12161852e-06]
 [9.99991894e-01 8.12161852e-06]
 [9.99991894e-01 8.12161852e-06]
 [9.99991894e-01 8.12161852e-06]
 [9.99991894e-01 8.12161852e-06]
 [1.00000000e+00 5.64791894e-11]
 [1.00000000e+00 2.51941366e-08]
 [9.99991894e-01 8.12161852e-06]
 [9.99991894e-01 8.12161852e-06]
 [9.99991894e-01 8.12161852e-06]
 [9.99991894e-01 8.12161852e-06]
 [9.99991894e-01 8.12161852e-06]
 [1.00000000e+00 2.82027762e-10]
 [9.99991894e-01 8.12161852e-06]
 [9.99991894e-01 8.12161852e-06]
 [1.00000000e+00 3.76805431e-08]
 [1.00000000e+00 3.88302793e-11]
 [9.99991894e-01 8.12161852e-06]
 [9.99991894e-01 8.12161852e-06]
 [9.99991894e-01 8.12161852e-06]
 [9.99991894e-01 8.12161852e-06]
 [1.00000000e+00 3.42921178e-11]
 [9.99991894e-01 8.12161852e-06]
 [1.00000000e+00 1.63435113e-10]
 [9.99991894e-01 8.12161852e-06]
 [9.99991894e-01 8.12161852e-06]
 [8.72695029e-01 1.27305016e-01]
 [9.99991894e-01 8.12161852e-06]
 [1.00000000e+00 3.26791372e-09]
 [9.99991894e-01 8.12161852e-06]
 [1.00000000e+00 1.83887749e-08]
 [9.99991894e-01 8.12161852e-06]
 [9.99991894e-01 8.12161852e-06]
 [1.00000000e+00 8.43006642e-09]
 [9.99991894e-01 8.12161852e-06]
 [1.00000000e+00 3.90983068e-09]
 [9.99991894e-01 8.12161852e-06]
 [1.00000000e+00 2.48615120e-08]
 [1.00000000e+00 2.65595048e-08]
 [1.00000000e+00 2.79200982e-08]
 [9.99991894e-01 8.12161852e-06]
 [9.99991894e-01 8.12161852e-06]
 [1.00000000e+00 1.26089061e-09]
 [9.99991894e-01 8.12161852e-06]
 [9.99991894e-01 8.12161852e-06]
 [1.00000000e+00 9.10728915e-09]
 [9.99991894e-01 8.12161852e-06]
 [1.00000000e+00 2.58850381e-08]
 [9.99991894e-01 8.12161852e-06]
 [9.99991894e-01 8.12161852e-06]
 [1.00000000e+00 3.85069967e-08]
 [1.00000000e+00 3.59565844e-09]
 [9.99991894e-01 8.12161852e-06]
 [1.00000000e+00 4.59763889e-08]
 [1.00000000e+00 2.69162328e-08]
 [1.00000000e+00 3.61566634e-08]
 [1.00000000e+00 1.03438147e-08]
 [1.00000000e+00 2.69421196e-08]
 [7.73658138e-03 9.92263436e-01]
 [9.99991894e-01 8.12161852e-06]
 [1.00000000e+00 3.10634682e-08]
 [9.99991894e-01 8.12161852e-06]
 [1.00000000e+00 9.77585835e-09]
 [9.99991894e-01 8.12161852e-06]
 [1.00000000e+00 3.67561093e-08]
 [9.99991894e-01 8.12161852e-06]
 [1.00000000e+00 1.65594738e-08]
 [1.00000000e+00 5.59533131e-09]
 [9.99999881e-01 1.07981528e-07]
 [1.00000000e+00 3.78567977e-09]
 [1.00000000e+00 7.30583549e-09]
 [1.00000000e+00 8.52898932e-11]
 [1.00000000e+00 7.14911641e-09]
 [9.99991894e-01 8.12161852e-06]
 [1.00000000e+00 1.41339775e-08]
 [1.00000000e+00 1.07193499e-08]
 [1.00000000e+00 4.28903633e-08]
 [1.00000000e+00 2.93853475e-08]
 [1.00000000e+00 1.15731051e-08]
 [9.99999881e-01 1.53349944e-07]
 [1.00000000e+00 1.32788340e-08]
 [1.00000000e+00 9.80601911e-09]
 [1.00000000e+00 1.18060699e-08]
 [1.00000000e+00 1.32788340e-08]
 [1.00000000e+00 9.78905046e-09]
 [1.00000000e+00 1.71989427e-08]
 [9.99999881e-01 8.03479807e-08]
 [1.00000000e+00 3.14125543e-08]
 [1.00000000e+00 2.12734541e-08]
 [1.00000000e+00 2.03395789e-08]
 [1.00000000e+00 7.45328421e-09]
 [1.00000000e+00 1.32788340e-08]
 [1.00000000e+00 5.01438890e-09]
 [1.00000000e+00 4.27541273e-08]
 [1.00000000e+00 1.32788340e-08]
 [9.99999881e-01 6.26685903e-08]
 [1.00000000e+00 2.66789186e-08]
 [1.00000000e+00 1.42439358e-08]
 [1.00000000e+00 1.17032295e-08]
 [1.00000000e+00 2.77768972e-08]
 [1.00000000e+00 1.97307983e-08]
 [1.00000000e+00 2.53883474e-08]
 [1.00000000e+00 3.78140763e-09]
 [3.45024049e-01 6.54975891e-01]
 [1.00000000e+00 1.32788340e-08]
 [1.00000000e+00 5.64071145e-09]
 [1.00000000e+00 1.32788340e-08]
 [1.00000000e+00 1.32788340e-08]
 [1.00000000e+00 6.58339216e-11]
 [1.00000000e+00 3.17994769e-10]
 [1.00000000e+00 1.32788340e-08]
 [1.21229067e-01 8.78770888e-01]
 [9.99999762e-01 1.91231308e-07]
 [1.00000000e+00 1.32788340e-08]
 [1.00000000e+00 9.29816935e-09]
 [1.00000000e+00 3.98779676e-09]
 [9.99999881e-01 8.01382996e-08]
 [1.00000000e+00 6.55250021e-11]
 [9.99999881e-01 6.49031691e-08]
 [1.00000000e+00 6.55055743e-09]
 [9.07968879e-01 9.20311287e-02]
 [1.00000000e+00 3.56664458e-08]
 [1.00000000e+00 2.14989040e-08]
 [1.00000000e+00 1.41641965e-09]
 [1.00000000e+00 6.73523737e-10]
 [1.00000000e+00 3.95005273e-09]
 [9.44963038e-01 5.50369360e-02]
 [1.00000000e+00 8.29115887e-09]
 [1.00000000e+00 1.32788340e-08]
 [1.00000000e+00 1.26202213e-08]
 [1.00000000e+00 3.86900183e-08]
 [1.00000000e+00 5.24780539e-08]
 [1.00000000e+00 1.32788340e-08]
 [9.99999881e-01 1.06703965e-07]
 [1.00000000e+00 1.12913732e-08]
 [1.00000000e+00 1.32788340e-08]
 [1.00000000e+00 1.03011892e-08]
 [1.00000000e+00 2.20490701e-08]
 [1.00000000e+00 4.78088591e-09]
 [1.00000000e+00 1.64104375e-08]
 [1.00000000e+00 4.38226166e-09]
 [1.00000000e+00 4.53776963e-08]
 [1.00000000e+00 6.02494943e-09]
 [1.00000000e+00 4.47956836e-08]
 [1.00000000e+00 1.50963615e-08]
 [9.99999881e-01 7.20428304e-08]
 [1.00000000e+00 1.22423014e-08]
 [1.00000000e+00 3.28726379e-08]
 [1.00000000e+00 3.63977826e-09]]


[[ 3.2334952e-04  4.1641211e-03 -9.4216410e-03 ... -3.7742481e-03
  -3.1914469e-02 -3.1740822e-02]
 [ 5.1879865e-04  4.3342481e-03 -7.3159202e-03 ...  2.7551040e-02
  -2.7697848e-03  3.1421508e-03]
 [-1.7377063e-04  4.4528157e-03 -9.2371507e-03 ...  2.9278543e-02
  -1.2231616e-02 -3.5320956e-02]
 ...
 [-6.2291282e-03 -7.1711540e-03 -1.5835769e-02 ... -1.2529878e-01
   1.1140225e-01 -4.7144485e-01]
 [-6.2650531e-03 -7.0819482e-03 -1.6184382e-02 ... -7.7205092e-02
   5.0476115e-02 -4.9803084e-01]
 [-5.9626242e-03 -2.2860880e-03 -1.8265657e-02 ... -1.5885557e-01
   6.7787662e-02 -4.1770536e-01]]


[[  0.      406.3546  272.26892 443.8968  351.09106]
 [  0.      612.5134  226.89963 649.09814 301.75754]
 [  0.      529.78107 259.80905 567.4379  336.2587 ]
 ...
 [  0.      892.933     0.      999.      201.23364]
 [  0.      912.1381    0.      999.      323.29028]
 [  0.       90.92559   0.      336.8133  214.2232 ]]
